Resultados del análisis
========================
Correlación: 0.9999249914583916
Intercepto: -6.463202344019308
Pendiente: 0.675387797311272
R2: 0.9997239776500804
MSE: 0.14476605524536582
RMSE: 0.3804813467771657
